68 150
87
65 160 29
113 85 46 161
113 85
108 113
145 103
154
154
125 153 154
125 154
100 113
29 113 85 74
40 100
113
29
154 40
29
35 151 13
113 85
154
154
98 113 85 98
154
113 85
87
29
29
113
150 23
60
29 160
87
62
98 84
13
125 153 29
43
113 85 53
100
154 111
113 85 154
29
158
29
132
154 113 85
113
85 46
154 91
151 154 13
101 53
40 80
154
155
35 13
29
113 85
113 85
40
154 113
67
154
106 125 145 151
87
85 98 53
154
113 85
155
87
98 98
123
103
103 7
113 46
113 85
98
29
154
127
113 85
98
24 100
29
123 50
113
43
87
125 153 45
125 153
154
154
113 85
103
87 153 154
13 45
57
13
13
13 135
153
154
142
98
85
13
103
154 65 154
29 32
24 100
43 38
13 135
50 50
154 125 153
100
105
154
132
154 113 46
154
153
100 113 85 73
103
79 29
91 152
29
103
154
68
100
113 85
87
17
104
125 121
52 98
74 145 125
76
60
125 138
125 151 145 84
13
68 118
98
154
29
154 113
150 106
150 137 132
113 120
113 154
154
44
24 100
87 0
137 21
154
128
154
17 48
55 125 151 51 154
118 132 50
154
101
29
112
98 53 113
137 137 123
125 151
51
83
154
113 85
29
129
100
29
125 153 98
87 127
154
113 85
125
154 68
122 103 24 100
40 85
85
151 151 68 123 113 154
29
98
91
154
85 46
113 85
108
140
125
113 85
132 119
113 119
103
59 67
154 32
125 151 65 98
132
98
10 9
34 63
43
87 151 87 151 29
100 98
154
100
103
154
75
85
125
113 85 154 145 68 132 113 85 46 63
38
118
38
29
154
113 85
113
100
125
54 47
17 80
36 13
154
65 125 151 38 154 154 151 40 125 151 154 125 138 125 151 150 107 154 116 154
161
87 151 62
17 80
29 87
87
154
113 119
29
29
23
148 29
85
13
154
40
13
143
35
113 85
95
158
113 85 85
40 96
113
145 125
154
54 42
7 27
61 46
85
55 151 154
125
100
21 132
154
119
113 85 84 103
145 103 100
29
154
154
103
140 140
74 145 68 118 150
47
75
113 85
87 132
85
13
87 151 18 100 125 153 29
93
40
113 53 102
113 85 154
43
24 103 60 84 68 132 50 151
100 113
154
87 137 64
40
54 43
87
128 7
13
13
145 103
154
153 150 150 150 150
103
43
115
13
68 115
29
154
113 85 46 85
65
98
100
113 85
24 100
19 154
154
113 85
132
85
100
103
125 106
98 100
113 85 46
125 153 154
59
50
18
65
85
24 100
43
113
154
113 119
153 113
137
154 155 87
113 85 46
85
0
43
135
153 29
29 87 153
29 87
61 13
125 151 63 154 40
100 85 46
68
113 85 46
29 51 92
50
154
24 100 103
135
125 151 154
132 50 80
61
132
40
81
103 125 153 100
43
23 65
103
113 119
113 85
154
45
155
135
23
142
145 125 127 145
113 98
154
85
87
153
23
113 85
122 100 114
125 151 113 21 125 21
18
159
113 85 46 98
98 122 100
154 64 154
38 2 78
123
154
154
103
113 85 46
154
50
29
113 46 99 85
40 45
132 34
87 153 74 132 150
113 85
113 85 90
108
113
95
29 128
149
152
24 100
118
98
61
113
42
113 85
157 32
154
113
85 46
29 153
13
154 18 13
98
47 87
17
125 68 49 68 126 49 125 153 87 151 87 151 43 49 125 153 116 49 87 151
87
100
154 17
113 85 46
130
154
154
24 100
124
158
125 151
101
98
29
88
113 85
154
29
29
29
125 153 35 125 153 13
154
13 154
158
148
154
113 119
154
85 108
42 32
29 87
40
145
103
13
154
47
100
153 29
29
24 100 103
13 47
98
113 85
113 85
154 51
29
5
72
83 121
155 53
113 119
153 113
154
101
87
44
101
42
6 13
38 159 154 96
50
40
125 151 87 66
113 154
143
154 127 125 153
100 84
127
154
23
29
154
154 151 74
113 85 46
43 125 153
153 131 58
85 46
35
100 85 53 161
72
98 100
154 113
154 113
98
13
29 118 107 115 33
137
30
29
17
154
154 142 80
29
87
13
154
113 85 46
153 45 154
51
68 115
43
154
24 110
91
113 85 46
125 153 108
154
24 100 103
95 103
154
40
98 53
138 46
29
113 85 46
50 87
113 85
154 117
138
122 79 68
93
40
103
154
18
29
87 151 68 132 50
58 155 58 40
38 83 153 113 85
29
85
124 119
113 46
103
154
153 155 84
19 154
154
154
29
105
98
91 13 113 119 87 153 154
151 154 38
94 94 47
98 85
154
23
108
29 23
13 47
154 125 153
29
113
154
40 111
113 85 46
87
160
68
113 85
98
154
87
125
113 119
13
154
113 85
29
85 46
125 153 4 42 154
153 24 100
154 74
103
154
87 153 87 8 141 141 11
154
154
154
40
13
103 20 154
87
85
84 106 7
113 85
43
100 113 46 154
113 85 29 29
118
153
29 161
125 151 145 99 40
113 85
58 121 125 127 68 68 128 125 125 151
144
113
154
154 149
155 45 154
74 7
6 125 153 87 151 154
65 87 132
37
113 85
85 46 53
113 120
85
29
59
125 153 13
98
113 85 46
113 85
125 153 154 96
154 80
113
87
154 96
113 120
154
29 29
125 153 154 100 113 119 113 154
113
16 138 154
101
113 85
23
29
90 151 154 151 154
87 29 106 125
85
152
113 85 85
13
47
40
87
154
29 72
13
47
28
113
113 85
154 40 89 149 17 80
98
87
0 132
154
154 87 153 154
43
103
155
154
17 159
154
132 92
47
29
85 46
45
154 64
29 145 127 154 29
29
113 85 46
154
47
124 29 8 115 124 29 27
67
108
113
113 85 156
29
113 85 154
132
113 85
91
87 151
154
112
154
87
154
154
154
48 29
56
125 153 135
154
154 110
29
155 132
29
18 51 113 119 85 53
87 151 125 29
41
29 33
43
43 87
154 13
141 87 50 161
42
132
29
50
154
113 85
13
103 24 100
100
97
113
29
104
154
13
126
40
113
154 47 62
100 154 16 138
113
113 119
113 85 29
132 50
29 154
155 155
87 100
103
113 85
154
154 13 47
161 154
29
29 85 125 147
103
5 27
84 155
113 40
17
118
87
18 48
43
92 161
145 103
113 85 46 132 87
100
24 100
113 85 154
113 119
0 71
155 53
151
87
98
145 115 27
55 125 153 17
43 108
40 154
155
29
35
118
103
26 7 20 112
87
111
154
113
37
129
113 85 98
29
86
87 125 153 57
103
29
154
113 26
87
72 45
78
154 17
95 100 103
29
154
13
29
154
154
29 84 150
154
2 21 102 39 87 151 2 29 132
98
154
125
100
29
22
113
137
152
113 85
83 75
113 85 51
113 85 46
121 85
101 45
67
85 154
116 119 151
154
62 154
113 85
103 38
108 85
80
13
29 132
29
125 153 29 50
150 78 29
154
76 122 103
113 85 127
40 45
40 58 84
154 137
38
155
13 154
40
158
14 9
125 153
113 85
23 12
151 154
83
83 118 125
113 85
113 85
113 85
125 151 16
154
13
154
38
113 119
125 68
43
113 85 29 34 85
29
40
113 85
100
154
113 85 46
102 39
17
113 85 46
125 151 87 153 29
103
154 96
59
85
4
113
154
138
47
29
125
113 119 135
87 151 40 80
29
100
85 113
113 85
113 85 46
87 151 87
87
154
113 85
74 79
103
113 85
98
154 159 17
40
106
13
113 85
87 153
84
87 153
90 98
61
155
112
150
113 85 46
145 106 99 96
113 85
125 153 42
127
100 113
72
108 68
13
67
105
154
87
154
154
100
154 94
8
113 85
113
154 151
72 129
50
154
154
40
85 53
145 68 150 161
87 153 109
100 20
43
29
113 85
154 111 80
135
13 47
98
139
68 125 21 138
154
118 161
113
113 85 65 161
45
38
13 68
154
154
113
15 35 154
154
98
103
108
113 119
20
85 53
24 100
154
68
57 160
113 85
27
13
29
87
29
154
151 40 40 151
29
98
23
43
131
113 85 113 120
54
154
13
118
40
142
101
111 149 133
87
125 80
13
43
154 65 154 38
13
85
24 100 81
154
87 29
46
43 51
43
98
113
41
87
154
23
135
142
155
105
113 85
154
29
103 113
97
113 85
113
81
155 45
104
125 153
125
113
113 85 46 154
61
104
13
113 85
118 87
154
13
28 17
113 119
43
113 85 46
29
84 40
125 31 154 16
29
87
125 153
37 154
154 155
154 133
81
150 154
29
97 155
42
154
100
154 96
38
98
87 132
103
106
13 125 151 92 107
87
68 125 155 78 80 78
154
100 85
118
40 45
29 51
43
113 85
160
43
29
61
154 26 17
152 125
100
108
154
154
98 132 73
154
29
138
113
89 149
29
112 112 108
85
65 154 13
132
40
113 119
113 85
65 160
49 123
113 85 53
13
43 134 158
118 153
125 151 29
113 85
132
159
113 85 155 64 154
154
13
103
125
125 68 74
154
154
89 149
125 138 21
144
154 96
74
154 154
87
72
154
103
113 103
113 85
8
145
30
33
154
38 13
154 40
125 138
47
13
125 151 151 154
113 85
100
24 100
10 9 154
111 149 37
87 151 87
103
100 45
13 56
40
67 135
154 10 9 154
29
50
101
113 85
142 48
98 98
154
154
125 153
98 85
113
85 53
113 85 46
113 85 59 114 113 85
87 100
155
113 85
125 153 72 155 147 72
154
154
113
40
154
29
154 155
154 3 94
108
68
113 85 46 53 85
145 68
1
145 103 125 153 108 113 114
85
100
154
63 113 85
154 153
113 85
68
87 87
74
65 85
14
108
146
125 121
154 111 149
154
125 151 87
154 40 55
40
154
58 125
47
29 87 151
68 125
82
87
61
149 80 37
113 119
154
154 13 154
112 46
113 85
91 102 39
57 154 98 151
154 155
150 65 154
137
29
154
87 29
85
41
100
18
154 91 142 113 85
94 157
154 42
98
154
113 85
85 46 53
78 29 76 161
154
29 125 138
87
74
40
85 53
113 85
113
113 85
103
29
29
154
29
98
13
154
85
118
103
18
57
60 85
154
154
36
125 153 69
13
5 125
22
132
87 23
87 151
154
108
29
85
17
98 75
29
53 68 68
154 80
154
94 36
152 151 72 29 68
87
132
125 90
103 13
154 77
158
43
113 85 26
17
18
13
154
138 40
43 43
154 47
103
125 21
98
154
125 153 125 153 153 113 155 113 154
113 85 46
43
40
113 119
100
68 68 161
103
48 113 85
23
98
113 41
43
154
82
113 85
150 65
113
13 154
154 155
29
154 125 151 13 62 15 151
134 129 110 38
29 86 155 133
5
145
98
97
154
87 151 100
51
40 71
100 113 119 161
113 85 46
40
13
58 29 155 155
85 46
155
40 84 92 159 91
68 139
29
100 146
142 65
85 84
138 80
58 40
113
98 53
113 85
79
84 29
125 153 113 85 53
154
154 111 80
29 154
29
79 29
54 155
154 151
154
106 106 154
104
53 53
128
154
69 29
118
29
118 132
100 113 119 115
98
132
154
154 153
13 47
79 29
74
125 151
65
85 154
100 113
113 119
100
154
154 13 106 151 117
13 154
113 85
113 85 46
148 87 128
143 155
42
47
67 134
127 145 87
150 145 125 87
154 10 9
127
154
44 134
40
154 154 13
118
87
154
29
85
113 85 161
68 121 68
29
113 85
113 85
79 29
154 155
18 113
17
154
98 51
28
154
29
87
61
113 119
13
57
113 85
83 113 85 18
1 125 153 125 153 154 42 113 85 13
13
154
29
43
153 155
135 136 135
113 85 104
135
94
29
40 77
85 46
113
154
18 101
87
125 153 146 98
100
113 85
43
85
88
135
13
113 85
87
103
47
153 154 89 149
127 153 66
154
154
154 40 70
62
36
154
113 85 57
143 48
125 153 29
100 26
155
125 154 113 85
142
35 13
113 85
150 154
113 85
29 29
154 74 98
80
154
125
108
88
85
108
154 78 76
29
1
6 47
29
113 85
29
108
113 119
12
154
68 138
100
78
87 80
132
125 151 29
113 85
56
29
113 85
13
125 118 87 153
153
113 85 46 84
17 48
99 125 40
113 85 154
154 155
113 85
111 149 80
84 119
47
101 45
40
154 124 120
43
135 154
154 32 40
43
28 37 45 17
113 85 53 53
100 113 85
18
55 98
154
98
127
154
150 125 60
29
118
13
43
98
154
154
113 85
154
154 40
125 138 46
113 85
29
87 151 125 153
58
113
10 9 154
92
155 155 80
85 113 85
100
18
122 29
23
29
85 46
34
2 29 33 29 156 112
13
93
43
125 25
154
103
113
113 85 154 80 30
29
125 68 68 23
129
154
85
100
87 153 29
125 153 51 129 30
68 153 138 46 40
79 155
154
113
154
40
105 85
29
29
154
29 69
154
92 137
5
118
23
86
85
155 85
13
44
40
154
43
113 119
125 151 19 40 40 18 27
43
29
154
154
113 85
37 150 84 154 59
13
100
113 46
85
14 9
113
43
3 113 85 46
132
126
48
154 113 85
151
154
48
68 16 21
57 125 153 148 29
4 72
82 87
155
15 153 154
29
154 17 80
106
40
154 125 153
154
103
113
113 96
104 145 103 24 100
23 118 161
113
113 85 46 85
113 26
154
154 125 153 13
113
29
154 134
85 46
62
155
46
35 157
113 119
161
154 37 154
91
68 150 98 113 85
68
11 154 29
154 90
13
78 2
29
133 155 128 147
113 119
90
85
68 80 34
42
154 142 80
22
155 45
154
74
145 68
113 85
113
142
101
113 145 22
113 85
65
155 154
154
155 154
13
154
91 125
2
154
113
134
62
154
155
113 85
102 39
68 84 68
113 85 46
43
13
40
43
154 89 149
154
154 153 154 117
68
29 118 29
47
154 17
40 154 80
74
113 85
87
14 9 125 151 154 135
154 139
40
72 67
154
98
154
103
113 85
154
154 96
13
98
29
154 150
48
13
85 53
128 12
87 132
155
154
47
150 84
29
154
53
154 40 91
53 98
113 119
154
72
29
21
43
154
129
103
154
85 46
154
53
100
87 109
43
56
129
40 100
29
101 113 85
103
65 100 85
113 85 46
121 92
125 153
156 131 131 153 156 131
56
113 85 98
10 9
135 96
113 85
154
98
100 113 154
42
13 47
155 45 85
6 114 154
108 161
132
40
68 138
17
113 85
161
74
29
113 120 155
87
125 153 118
154
43
17
29
18
113 53
125 153 106
102
154
113 85
154 15 151
150 71
151
154
113 85
43 43 38
154
38
11 29
154 40
47
155 133 87 29 68 40 161 138
85
101 45
91 85
154
121
118
84
38
29
109
113 85
43
23
113 85 53
55
154
125 79 79 29 91 125 154 113 119 3 125 153 29 32 157 48 154 93
47
72
150 137 132
97 85
29
47
113
50 154
125 153 65 154 154
51 154
29
132
113 119
113 85 46
155
87 29
68
17
90 154
40
154
154
128
125
103
154
42
100 113 85
154
6 136 154 154
65
64
113 85
154
83
113 46
100 113 113 85
154
100 113
87 29 23
154
150
45
85
43
40
88 109 12 129
23
113 85
43
150 151
29
113 85
35 77 132 150
113 85
40 68
154
11
113 154 43 13
154
154
85
113 85
42 113 85 46
85
38
125 138
68 150
108 154
113 85 46
113 85 46
100
144
154 96
125 151
40
113 85
106 68
154
125 107
125 151 43
150
52
87
61 46
13 47
118
53
18
21
23
29 68 153 29 132
150 154
154
85 84
91
125 153 87 153 154
125 151 102 22 106 4
40
135
137 92
68 125
154
154
127 127
125 151 68 29 29
154
139
13
77 41
154
51 129
113 85 46
85
154 143 48
29
125 150
154
40
38
125 154
85
129 83 151
154
113 85
150 96
100
154
154 153 154 115
105
154 43
79 21
72 45
154
113 85
118
108
113 46
154
43
154
113
13
43
86
23
132 50
122 103
43
103
40 17 80
154
24 100
113 85
154 125 153
154
29
113 85
2
103 87 153
154
29
101 61
17
125 151 84 125 151 125 151 138
43
144 154 154 116
42 20 82
132
100
132 95 68
29
100
29
154
118 150
87 153
113
113 85
155 40 155 40
118 29
154 145 125
66
154 68
55 54 87
41 40 125 153 41
154
73
98
113 85
155 147
113 85
47
29
103 103 38
125 153 29
113
154 13
154 117
134
13 13
154
156
17
92
113 85 46
106 121 66 65
47
154 113
29
40 133
154
113 85 46
17 29 72
154 155
103
125 153 107 39
113 85
128
154
37 142
154
125 153 87 87 153 13
113 85
154
113 119
95
154 135
125 153 125 113 16 125 153 16 31 154
91
113 85 53 150 53 125 153 153 87 153 125 153 113 119 53 36
98
154
113
70
155 84 80
13
125 154 83 127
110 38 155
57
24 100 154
43 113 85
40
23 137 92
98 8
87
37 45
98
113 46
154
125 153 3 154 125 153 150 35
108 45
57
154
24
113 85
52 87
13
62
108
87 132 29
154
113 85 46 53
113 119 22
142
98
24 146
154 66 38 87
113 85
103
98
100
132 130
151 111
101
43 129
100 53
53
51
68 118
25 84 106 25
29
74 118 87
154
87
113 85
145 145
159 17 153 37
60
13
154
13
113 85
154
35
35 13
113 119
87 151 98
154
154
113 85 98
137
24 100
130 130 130
145
125 154 90 125 31
154 68 40
154
113 85
125 85
154
125 29
153
113 85
154
154
154
154
154
98
154
44 98
154
29
100 161
65
154 126
13
154
40 154 52 149
14 9 154
43 154
100 113
82
154
125 153 18 154 154 11
42
43
106 154
106 125
87
85
154
113 85
83
18
154
23 71
103
29
29
87 153 7 112 57 113
53
38 76
154 30
29
68 141
52 41
154
43 154
43
113 85 46
85
115
154
118 29
13
113 85 29
145 103
113 85
13
100 85
154
145 73 40
125 68
37 153
158
24 100
100
154 135
100
43
113 46
125 40 118 125 25
103
115 21 115 150
103 151
154
113 154
118
87 29 65
35 13 47
108
154
154 87 29 27 154
47
154
132
135
113 85
98
40
154
103
118
42
79 154
154
154 102 39
71
113
79 29
85 154
154
154
5 156 125 151
29
140
154
83
85
50 84
24 100
81
154 113 85
84 73 133
21
113
113 85
68
154
154
136 154 43 134
145 121 145 66
154
113 46 29
113 85
43
150 145
108
79 29 150 137
100
43
113 85 53
153 125 153 84 125 153
154
113 85
8
154
113 85
40
91
154
154
113 85
148 29
118
40 45
87 87 153
154 29
84
113 85 46
68 40
87
13
18
113 85
29
118
100 113
106
40 113 85 154
87 118
118
100
13
74 150 69 68 150
42
100
125 153 154 89 149
154
161 154
85
113 85 103
113
85 46
154
125 153
42
43 96
85 53 98
29 68 125 23
100 98
113 85 46 53
154
113 85
113 85
98 29 108
113 85
125 16 31 154
29
13
33 137 92 151 29 161
100 113 85
113 46
153
154 113 118 150
101 125
102 40
110 125 13 125 16 16
85 46
113 85
87
40 91
154
74
100 113 85 46
154
153 18
29 107
98
29
154 87
154
19 11 154 154 18
87 118
125 68
45
24 100
29
142 37 154
91
43
52 125 153 98
154
13 56
142
29 154 83 29 30
154
13
85 46
144 154 125
115
54 153 18 13
100 154 156 125
51
106 91
113 85 46
94
34 63
29
33
29
146 113
153 68 127
154
68 161
154 89 149
113 85
154 17
113 154
113 85
6 68
154 159 17
125 153 154
17 48
113
113 85
113 85 46
1
113 85 46 161
13
151
29
18
53 53
13
113 85 113 53
113 85
74
154
125 21 154
154
85
68
80
100 113 85
68
55 54 153
100 153 100 100 153 29
113 103
29
3 22
29 136 29
13 47
150 87 153 118 29
101 113 85
113
35
154
125 117 68 106
47
128
38
125 21 63
70 45 154
87 150
18 18
48
98
100
113
65 40
154
154
19 154 70 13
